0
0 400 1
400 800 1
800 1200 8
1200 1600 8
1600 2000 10
2000 2400 10
2400 3200 8
3200 3600 6
3600 4000 6
4000 4400 5
4400 4800 5
4800 5200 3
5200 5600 3
5600 6400 1
6400 6800 8
6800 7200 8
7200 7600 6
7600 8000 6
8000 8400 5
8400 8800 5
8800 9600 3
9600 10000 8
10000 10400 8
10400 10800 6
10800 11200 6
11200 11600 5
11600 12000 5
12000 12800 3
12800 13200 1
13200 13600 1
13600 14000 8
14000 14400 8
14400 14800 10
14800 15200 10
15200 16000 8
16000 16400 6
16400 16800 6
16800 17200 5
17200 17600 5
17600 18000 3
18000 18400 3
18400 19200 1
