0
400 800 1
800 1200 1
1200 1600 1
1600 2000 5
2000 2400 8
2400 2800 8
2800 3200 8
3200 3600 8
3600 4000 10
4000 4400 10
4400 4800 10
4800 5200 13
5200 6800 8
6800 7200 6
7200 7600 6
7600 8000 10
8000 8400 10
8400 8800 5
8800 9200 5
9200 9600 5
9600 10000 5
10000 10400 3
10400 10800 3
10800 11200 3
11200 11600 3
11600 12800 8
12800 13200 8
13200 13600 1
13600 14000 1
14000 14400 1
14400 14800 5
14800 15200 8
15200 15600 8
15600 16000 8
16000 16400 8
16400 16800 10
16800 17200 10
17200 17600 10
17600 18000 13
18000 19600 8
19600 20000 6
20000 20400 6
20400 20800 6
20800 21200 10
21200 21600 5
21600 22000 5
22000 22400 5
22400 22800 5
22800 23200 3
23200 23600 3
23600 24000 3
24000 24400 5
24400 26000 1
