3
400 800 8
800 1600 8
1600 2000 8
2000 2800 8
2800 3200 5
3200 3600 8
3600 4400 1
4400 5200 10
5200 6800 8
6800 7200 8
7200 8000 8
8000 8400 8
8400 9200 8
9200 9600 5
9600 10000 3
10000 10800 1
10800 11600 5
11600 13200 3
13200 14400 3
14400 14800 5
14800 15600 8
15600 16000 8
16000 16400 8
16400 17200 5
17200 17600 5
17600 18000 3
18000 18800 1
18800 19600 1
19600 20800 3
20800 21200 5
21200 22000 3
22000 22400 1
22400 22800 10
22800 23600 8
23600 24400 10
24400 26000 8
26000 26400 8
26400 27200 8
27200 27600 8
27600 28400 8
28400 28800 5
28800 29200 8
29200 30000 1
30000 30800 10
30800 32400 8
32400 32800 8
32800 33600 8
33600 34000 8
34000 34800 8
34800 35200 5
35200 35600 3
35600 36400 1
36400 37200 5
37200 38800 3
38800 40000 3
40000 40400 5
40400 41200 8
41200 41600 8
41600 42000 8
42000 42800 5
42800 43200 5
43200 43600 3
43600 44400 1
44400 45200 1
45200 46400 3
46400 46800 5
46800 47600 3
47600 48000 1
48000 48400 10
48400 49200 8
49200 50000 10
50000 51600 8
51600 52000 8
52000 52800 8
52800 53200 8
53200 54000 8
54000 54400 5
54400 54800 8
54800 55600 1
55600 56400 10
56400 57200 8
57200 57600 8
57600 58000 10
58000 58800 1
58800 59600 3
59600 60400 1
60400 61200 3
61200 62800 5
62800 64400 3
64400 66000 1
