3
400 1200 8
1200 2000 5
2000 2800 3
2800 3600 1
3600 4800 8
4800 5200 8
5200 5600 8
5600 6400 8
6400 7200 5
7200 8000 3
8000 8800 1
8800 10000 10
10000 10400 10
10400 11200 10
11200 12000 6
12000 12800 5
12800 13600 3
13600 14800 12
14800 15200 8
15200 16000 8
16000 16800 8
16800 17600 6
17600 18400 3
18400 20000 5
20000 20800 1
20800 21600 8
21600 22400 8
22400 23200 5
23200 24000 3
24000 24800 1
24800 26000 8
26000 26400 8
26400 27200 8
27200 28000 5
28000 28800 3
28800 29600 1
29600 30800 10
30800 31200 10
31200 32000 8
32000 32800 6
32800 33600 5
33600 34400 3
34400 35200 8
35200 36000 8
36000 36800 8
36800 37600 8
37600 38400 10
38400 39200 8
39200 40000 6
40000 40800 3
40800 42000 1
42400 43200 5
43200 44000 5
44000 45600 5
45600 46400 5
46400 47200 5
47200 48800 5
48800 49600 5
49600 50400 8
50400 51600 1
51600 52000 3
52000 55200 5
55200 56000 6
56000 56800 6
56800 58000 6
58000 58400 6
58400 59200 6
59200 60000 5
60000 60800 5
60800 61200 5
61200 61600 5
61600 62400 5
62400 63200 3
63200 64000 3
64000 64800 1
64800 65200 3
65200 66400 8
66400 67200 8
67200 68000 8
68000 68800 6
68800 69600 3
69600 70800 1
