10.64 19.00
5 2
4.47 0.00
4.95 1.23
4.95 2.05
4.23 2.62
4.23 9.50
8 2
4.95 19.00
4.95 14.18
4.37 13.52
4.37 13.04
4.95 12.44
4.95 11.51
4.23 10.82
4.23 9.50

3 2
3.41 0.00
3.78 0.98
3.78 9.50
7 2
3.62 19.00
3.78 18.68
3.78 17.22
2.46 15.82
2.46 13.84
3.78 12.59
3.78 9.50

5 1
0.00 18.39
1.83 16.38
1.83 13.81
3.23 12.30
3.23 9.50 
3 1
2.70 0.00
3.23 1.19
3.23 9.50

5 2
0.00 17.52
1.27 16.14
1.27 13.60
2.67 12.14
2.67 9.50
5 2
0.00 1.08
0.73 1.94
1.56 1.94
2.30 2.69
2.30 9.50

4 2
0.00 2.41 
1.06 2.41
1.72 3.07
1.72 9.50
3 2
0.00 12.46
1.72 10.69
1.72 9.50