0 400 1
400 800 1
800 1200 5
1200 1600 5
1600 2000 6
2000 2400 6
2400 3200 5
3200 3600 4
3600 4000 4
4000 4400 3
4400 4800 3
4800 5200 2
5200 5600 2
5600 6400 1
6400 6800 5
6800 7200 5
7200 7600 4
7600 8000 4
8000 8400 3
8400 8800 3
8800 9600 2
9600 10000 5
10000 10400 5
10400 10800 4
10800 11200 4
11200 11600 3
11600 12000 3
12000 12800 2
12800 13200 1
13200 13600 1
13600 14000 5
14000 14400 5
14400 14800 6
14800 15200 6
15200 16000 5
16000 16400 4
16400 16800 4
16800 17200 3
17200 17600 3
17600 18000 2
18000 18400 2
18400 19200 1
